1111111111111111111111111111111111110000000000001111111111111111111111111111111111
1111111111111111111111111111111100000000000000000000111111111111111111111111111111
1111111111111111111111111111110000000000000000000000000111111111111111111111111111
1111111111111111111111111110000000000000000000000000000000111111111111111111111111
1111111111111111111111111000000000000000000000000000000000011111111111111111111111
1111111111111111111111110000000000000000000000000000000000000111111111111111111111
1111111111111111111111000000000000000000000000000000000000000011111111111111111111
1111111111111111111110000000000000000000000000000000000000000000111111111111111111
1111111111111111111100000000000000000000000000000000000000000000011111111111111111
1111111111111111111000000000000000000000000000000000000000000000001111111111111111
1111111111111111110000000000000000000000000000000000000000000000000111111111111111
1111111111111111100000000000000000000000000000000000000000000000000011111111111111
1111111111111111000000000000000000000000000000000000000000000001110001111111111111
1111111111111110000000000000000000000000000000000000000000000011111101111111111111
1111111111111100000000000000000000000000000000000000000000000111111110111111111111
1111111111111100000000000000000000000000000000000000000000000111111110011111111111
1111111111111000000000000000000000000000000000000000000000001111111111011111111111
1111111111111000000000000000111000000000000000000000000000001111111111001111111111
1111111111110000000000001111111111000000000000000000000000001111111111101111111111
1111111111110000000000011111111111110000000000000000000000011111011111101111111111
1111111111100000000001111111111111111000000000000000000000011110000111110111111111
1111111111100000000011111111111111111100000000000110000000011100100111110111111111
1111111111100000000111111111111111111110000000000111000001011100100011110111111111
1111111111000000000111111111111111111111000000001111110011011100100011111011111111
1111111111000000001111111111111111111111101100011111111111011100110001111011111111
1111111111000000011111111111111111111111100111111111111111011100100001111011111111
1111111111000000011111111111111111111111110111111111111111011100000001111011111111
1111111111000000011111111111100001111111111011111111111111011100000001111011111111
1111111111000000111111111111000000111111111011111111000011011110000001111011111111
1111111111000000111111111111001100011111111001111100111100001110000001111011111111
1111111111000000111111111110001100011111111101110011111111001110000001111011111111
1111111111000000111111111110001110001111111101110111111111101111000001111011111111
1111111111000000111111111110001100001111111100101111111111100111100001111011111111
1111111111000000111111111110000100001111111110001111111111110111110111110011111111
1111111111000000111111111110000000001111111110011111111111110111111111110111111111
1111111111000000111111111110000000001111111110011111111111111111111111110111111111
1111111111100000111111111110000000001111111110111111111111111111111111110111111111
1111111111100000111111111110000000001111111110111111111111110111111111101111111111
1111111111100000111111111111000000001111111110011111111111110111111111101111111111
1111111111110000011111111111000000001111111111001111111111000111111111011111111111
1111111111110000011111111111100000011111111111000000111100001111111111011111111111
1111111111111000001111111111110000111111111111101110000011001111111110111111111111
1111111111111000001111111111111111111111111111110111111110011111111100111111111111
1111111111111100000111111111111111111111111111111001111100111111111001111111111111
1111111111111100000111111111111111111111111111111110000011111111111011111111111111
1111111111111110000011111111111111111111111111111111111111111111110111111111111111
1111111111111111000001111111111111111111111111111111111111111111101111111111111111
1111111111111111100001111111111111111111111111111111111111111110000111111111111111
1111111111111111110000111111111111111111111111111111111111111100000011111111111111
1111111111111111111000001111111111111111111111111111111111111000000001111111111111
1111111111111111111110000111111111111111111111111111111111100000000000111111111111
1111111111111111111110000011111111111111111111111111111110000000000000011111111111
1111111111111111111100000000111111111111111111111111111000000000000000011111111111
1111111111111111111000000000001111111111111111111111100000000000000000011111111111
1111111111111111110000000000000001111111111111111000000000000000000000001111111111
1111111111111111100000000000000000000000000000000000000000000000000000001111111111
1111111111111111000000000000000000000000000000000000000000000000000000001111111111
1111111111111111000000000000000000000000000000000000000000000000000000011111111111
1111111111111110000000000000000000000000000000000000000000000000000000011111111111
1111110001111100000000000000000000000000000000000001100000000000000000111111111111
1111110000011100000000110000000000000000000000000001111000000000000000111111111111
1111110000001000000000110000000000000000000000000011111110000000000011011111111111
0001111000000000000000111000000000000000000000000111111111100000011111011111111111
0000011000000000000001111100000000000000000000001111111110001111111111011111111111
0000000000000000000001111110000000000000000000011111111101101111111111011111111111
1000000000000000000001111111100000000000000001111111111011001111111111001111111111
1000000000000000000011111111111000000000000110111111110111011111111111101111111111
1100000000000000000011111111111111111100111111011111110111011111111111101111111111
1100000000000000000011111111111111111110011111011111110111011111111111101111111111
1110000000000000000111101111111111111111011111101111110111011111111111101111111111
1111000000000000000111101111111111111111101111101111110111011111111111101111111111
1111000000000000000111100111111111111111100111101111110111011111111111011111111111
1111100000000000000111110111111111111111110111001111111011011111111111011111111111
1111110000000000000111110111111111111111111011011111111100011111111111011111111111
1111111000000000000111111011111111111111111010011111111110011111111111011111000001
1111111100000000000111111011111111111111111000111111111111011111111110011100001101
1111111111000001100001111101111111111111111101111111111111011111111110101011011100
1111111111100001101100111110111111111111111101111111111111011111111100100111011000
1111111111110001101110011110011111111111111110111111111111011111111101001111011010
1111111111110101110111001111001111111111111110111111111111101111111000011110111010
1111111111110101110111100111100111111111111110111111111111101111110000111110110110
1111111111110101110111110111110011111111111110011111111111101111100101111111110110
1111111111110100111011111011111001111111111111011111111111110111001011111111101101
1111111111110110111011111001111110011111111111011111111111110000010011111111111101
1111111111110110111111111101111111000111111111011111111111111111110111111111111101
1111111111111011011111111110111111110001111111011111111111111111110111111111111011
1111111111111011111111111110111111111100001110111111111111111111101111111111111011
1111111111111011111111111111011111111111110001111111111111111111101111111111110011
1111111111111001111111111111011111111111111111111111111111111111011111111111110111
1111111111111101111111111111101111111111111111111111111111111111011111111111101111
1111111111111100111111111111101111111111111111111111111111111111011111111111101111
1111111111111110111111111111101111111111111111111111111111111000011111111111011111
1111111111111110011111111111100111111111111111111111111111110000011111111110011111
1111111111111111001111111111110111111111111111111111111111001111011111111100111111
1111111111111111101111111111110111011111111111111111111000111111011111111001111111
1111111111111111110111111111110100000111111111111100000111111111011111110011111111
1111111111111111111001111111110011110000000000000011111111111111001111100111111111
1111111111111111111100111111101111111111111111111111111111111111100000011111111111
1111111111111111111111000111001111111111111111111111111111111111111001111111111111
1111111111111111111111110000011111111111111111111111111111111111111111111111111111